"PARAM" "OV" "PCV"
0 395 0.435107056006699
5 305 4.46178783909401e-05
10 290 0
15 290 0
20 290 0


x0=1500.0
y0=900.0
z0=1100.0
x1=2000.0
y1=1400.0
z1=1500.0
x2=1737.5
y2=1337.5
z2=1800.0
x3=3000.0
y3=2737.5
z3=1600.0
x4=2562.5
y4=3000.0
z4=2300.0
x5=0.0
y5=500.0
z5=2500.0

x0=1500.0
y0=900.0
z0=1100.0
x1=2000.0
y1=1400.0
z1=1500.0
x2=1972.2222222222224
y2=1572.2222222222224
z2=1800.0
x3=3000.0
y3=2972.2222222222226
z3=1600.0
x4=2327.7777777777774
y4=3000.0
z4=2300.0
x5=0.0
y5=500.0
z5=2500.0